14
11.0242
0
-1.0259
0
0
0
0
0
0
0
0
0
-4.9991
0
0
10.5130
-6.8410
0
0
0
0
0
0
0
0
0
-1.6860
-1.9860
-1.0259
-6.8410
9.5680
0
0
0
0
0
0
0
0
0
-1.7011
0
0
0
0
6.5799
0
0
0
0
-1.9550
-1.5260
-3.0989
0
0
0
0
0
0
0
0
0
0
0
0
0
0
0
0
0
0
0
0
0
0
0
0
0
0
0
0
0
0
0
0
0
0
0
0
0
5.3261
-3.9020
0
0
0
-1.4240
0
0
0
0
0
0
0
0
-3.9020
5.7829
-1.8809
0
0
0
0
0
0
0
0
-1.9550
0
0
0
-1.8809
3.8359
0
0
0
0
0
0
0
0
-1.5260
0
0
0
0
0
4.0150
-2.4890
0
0
0
0
0
0
-3.0989
0
0
0
0
0
-2.4890
6.7249
-1.1370
0
0
0
0
0
0
0
0
-1.4240
0
0
0
-1.1370
2.5610
0
0
-4.9991
-1.6860
-1.7011
0
0
0
0
0
0
0
0
0
14.5205
-1.1350
0
-1.9860
0
0
0
0
0
0
0
0
0
0
-1.1350
3.1210
-34.6838
0
4.2350
0
0
0
0
0
0
0
0
0
15.2631
0
0
-38.3007
21.5786
0
4.6767
0
1.7422
0
0
0
0
0
5.1158
5.0688
4.2350
21.5786
-34.9274
3.6981
0
0
0
0
0
0
0
0
5.1939
0
0
0
3.6981
-16.8194
0
0
0
0
4.0941
3.1760
6.1028
0
0
0
0
4.6767
0
0
-19.3409
5.6770
9.0901
0
0
0
0
0
0
0
0
0
0
0
5.6770
-5.6770
0
0
0
0
0
0
0
0
0
1.7422
0
0
9.0901
0
-23.9828
10.3654
0
0
0
3.0291
0
0
0
0
0
0
0
0
10.3654
-14.7683
4.4029
0
0
0
0
0
0
0
0
4.0941
0
0
0
4.4029
-8.4970
0
0
0
0
0
0
0
0
3.1760
0
0
0
0
0
-5.4279
2.2520
0
0
0
0
0
0
6.1028
0
0
0
0
0
2.2520
-10.6697
2.3150
0
0
0
0
0
0
0
0
3.0291
0
0
0
2.3150
-5.3440
0
0
15.2631
5.1158
5.1939
0
0
0
0
0
0
0
0
0
-45.5074
4.7819
0
5.0688
0
0
0
0
0
0
0
0
0
0
4.7819
-9.8115